0
0
0
0
0
0
0
0
0
0
0
0
0
0
0
0
0
0
0
0
0
0
0
0
0
0
0
0
0
0
0
0
0
0
0
0
0
0
0
0
0
0
0
0
0
0
0
0
0
0
0
0
1
1
1
4
4
4
6
9
a
e
f
11
13
16
18
19
1e
21
25
27
28
2a
2a
2b
2c
2d
2e
30
30
30
30
31
31
33
33
34
35
35
36
36
36
36
37
37
37
37
37
37
37
37
37
37
39
39
3a
3a
3a
3b
3b
3b
3b
3c
3c
3c
3c
3c
3c
3c
3c
3c
3d
3d
3d
3d
3e
3e
3e
3e
3e
3e
3e
3e
3e
3e
3e
3e
3e
3e
3e
3e
3e
3e
3f
3f
3f
3f
3f
3f
3f
3f
3f
3f
40
40
40
40
40
40
40
40
40
40
40
40
40
40
40
40
40
40
40
40
40
40
40
40
40
40
40
40
40
40
40
40
40
40
40
40
40
40
40
40
40
40
40
40
40
40
40
40
40
40
40
40
40
40
40
40
40
40
40
40
40
40
40
40
40
40
40
40
40
40
40
40
40
40
40
40
40
40
40
40
40
40
40
40
40
40
40
40
40
40
40
40
40
40
40
40
40
40
40
40
40
40
